train_loss: [0.2845877782835104, 0.17310987179864776, 0.15999786512826863, 0.14249422784819332, 0.11832249091308882, 0.11378216520545674, 0.10616307217378802, 0.10273516973209922, 0.12265129375090487, 0.09455368679352584, 0.1023152454486111, 0.09304169856267681, 0.07878312957430274, 0.08824486410796899, 0.08769739860774987, 0.08343449668384344, 0.07802034826740248, 0.08710111475188187, 0.07877391805994519]
train_acc: [0.883629675045984, 0.9369711833231146, 0.9396689147762108, 0.9453096259963212, 0.9520539546290618, 0.9589209074187615, 0.9628448804414469, 0.9623543838136113, 0.9547516860821581, 0.967381974248927, 0.9630901287553647, 0.965787860208461, 0.9717964438994482, 0.9675045984058859, 0.9698344573881054, 0.9677498467198038, 0.9698344573881054, 0.9700797057020233, 0.9725321888412016]
train_precision: [0.8846629852758217, 0.9375221164621026, 0.9397773841427074, 0.9454004835152029, 0.9522008450739713, 0.9590279038754946, 0.96281996857777, 0.9623402715233735, 0.954741537513765, 0.9674230362063672, 0.9630966800755552, 0.9658441062340336, 0.9718223891785286, 0.9675160113506975, 0.9698520743372915, 0.967818182461568, 0.9698460263466105, 0.9700893913923997, 0.9725478116416869]
train_recall: [0.8836296750459841, 0.9369711833231147, 0.939668914776211, 0.9453096259963213, 0.952053954629062, 0.9589209074187615, 0.962844880441447, 0.9623543838136113, 0.9547516860821582, 0.967381974248927, 0.9630901287553648, 0.9657878602084611, 0.9717964438994482, 0.967504598405886, 0.9698344573881055, 0.9677498467198038, 0.9698344573881055, 0.9700797057020233, 0.9725321888412017]
train_f1: [0.8840355622471976, 0.9371791990778487, 0.9397089176912501, 0.9453470706200623, 0.952102123193023, 0.958961963232858, 0.9628313802480339, 0.9623428726670294, 0.9547465461574707, 0.9673954311235611, 0.9630928676680544, 0.9658079168809093, 0.9718068690752321, 0.9675063332520577, 0.96984267803192, 0.9677669925396808, 0.9698332064428251, 0.9700798192102663, 0.9725365502543949]
val_loss: [0.057034613185269534, 0.01773145657620932, 0.01072032765295045, 0.03715138024601497, 0.06940884319243792, 0.0165169627664112, 0.009724636846485652, 0.023848148898895707, 0.006354969618560879, 0.029576562665956364, 0.009961507244765123, 0.03701182513572358, 0.011157533101267228, 0.005705275562564404, 0.015837503083948774, 0.020906412057837526, 0.008730492220231955, 0.013346766554116799, 0.033498751290157495]
val_acc: [0.9798761609907122, 0.9938080495356038, 0.9953560371517028, 0.9907120743034057, 0.9752321981424149, 0.9938080495356038, 0.998452012383901, 0.9907120743034057, 0.9969040247678019, 0.9876160990712075, 0.9953560371517028, 0.9860681114551084, 0.9953560371517028, 0.9969040247678019, 0.9938080495356038, 0.9891640866873066, 0.9953560371517028, 0.9938080495356038, 0.9876160990712075]
val_precision: [0.9871600068920312, 0.9940034250112951, 0.995533833482141, 0.9909276409197216, 0.9899666866774367, 0.9939312180417812, 0.9986240110079119, 0.9911733655091062, 0.9969040247678018, 0.9899073100993174, 0.9955859044716426, 0.9884839103105358, 0.9954109960964737, 0.9970906270485685, 0.9939312180417812, 0.9942208462332301, 0.9959723224469843, 0.9958720330237358, 0.991654507351391]
val_recall: [0.9798761609907121, 0.9938080495356038, 0.9953560371517027, 0.9907120743034056, 0.9752321981424149, 0.9938080495356038, 0.9984520123839009, 0.9907120743034056, 0.9969040247678018, 0.9876160990712074, 0.9953560371517027, 0.9860681114551083, 0.9953560371517027, 0.9969040247678018, 0.9938080495356038, 0.9891640866873065, 0.9953560371517027, 0.9938080495356038, 0.9876160990712074]
val_f1: [0.9822876225532363, 0.9938587637321191, 0.9953888578804561, 0.990540072657846, 0.9808465471439726, 0.9937833344098045, 0.9984968146766839, 0.9908638740242303, 0.9969040247678018, 0.9882463427722572, 0.9954096167569575, 0.9867179931056294, 0.9953168609570072, 0.996950312281276, 0.9937833344098045, 0.9907772172728395, 0.99552215219181, 0.9944155836583816, 0.9888504180089073]
test_loss: [0.1248048366915455]
test_acc: [0.9673306772908367]
test_precision: [0.968775815994487]
test_recall: [0.9673306772908367]
test_f1: [0.9675508217880302]
